t,n,dt,Kinetic Energy,Electric Energy,Total Energy
0,0,0.078748,1.49831,0.0405127,1.53882
0.078748,1,0.078748,1.48825,0.0411789,1.52943
0.157496,2,0.078748,1.48951,0.0406929,1.53021
0.236244,3,0.078748,1.48999,0.0407596,1.53075
0.314992,4,0.078748,1.48867,0.0414081,1.53008
0.39374,5,0.078748,1.48554,0.040673,1.52622
0.472488,6,0.078748,1.48998,0.0387519,1.52873
0.551236,7,0.078748,1.50297,0.0360097,1.53898
0.629984,8,0.078748,1.52314,0.0319038,1.55504
0.708732,9,0.078748,1.5414,0.0284143,1.56982
0.78748,10,0.078748,1.5577,0.0255667,1.58327
0.866229,11,0.078748,1.57199,0.022707,1.59469
0.944977,12,0.078748,1.58421,0.0201323,1.60435
1.02372,13,0.078748,1.59434,0.0182898,1.61263
1.10247,14,0.078748,1.60234,0.0168252,1.61917
1.18122,15,0.078748,1.60819,0.0156168,1.62381
1.25997,16,0.078748,1.61187,0.0151546,1.62703
1.33872,17,0.078748,1.61337,0.0153957,1.62876
1.41746,18,0.078748,1.61268,0.0155911,1.62827
1.49621,19,0.078748,1.6098,0.0163339,1.62614
1.57496,20,0.078748,1.60481,0.0171712,1.62198
1.65371,21,0.078748,1.5979,0.0182044,1.61611
1.73246,22,0.078748,1.58916,0.0191904,1.60835
1.81121,23,0.078748,1.58273,0.0200698,1.6028
1.88995,24,0.078748,1.58177,0.019648,1.60141
1.9687,25,0.078748,1.58909,0.017848,1.60694
2.04745,26,0.078748,1.59932,0.0161875,1.61551
2.1262,27,0.078748,1.60969,0.0144409,1.62413
2.20495,28,0.078748,1.61761,0.0128864,1.63049
2.28369,29,0.078748,1.62303,0.0123511,1.63538
2.36244,30,0.078748,1.6259,0.0128512,1.63875
2.44119,31,0.078748,1.62619,0.0138022,1.63999
2.51994,32,0.078748,1.62387,0.0155757,1.63945
2.59869,33,0.078748,1.61894,0.0184054,1.63734
2.67743,34,0.078748,1.61137,0.0200509,1.63142
2.75618,35,0.078748,1.60164,0.0217696,1.62341
2.83493,36,0.078748,1.5898,0.0242306,1.61403
2.91368,37,0.078748,1.57587,0.0274207,1.60329
2.99243,38,0.078748,1.55989,0.029598,1.58949
3.07117,39,0.078748,1.54932,0.0308676,1.58018
3.14992,40,0.078748,1.54813,0.0300485,1.57818
3.22867,41,0.078748,1.5573,0.0191713,1.57647
3.30742,42,0.078748,1.56532,0.0197211,1.58504
3.38617,43,0.078748,1.5688,0.0257169,1.59452
3.46491,44,0.078748,1.57238,0.0251477,1.59753
3.54366,45,0.078748,1.57392,0.024918,1.59884
3.62241,46,0.078748,1.57343,0.0252441,1.59867
3.70116,47,0.078748,1.57229,0.0256335,1.59793
3.77991,48,0.078748,1.57363,0.0240896,1.59772
3.85865,49,0.078748,1.58173,0.0220807,1.60381
3.9374,50,0.078748,1.59522,0.0195422,1.61476
4.01615,51,0.078748,1.61129,0.0162116,1.6275
4.0949,52,0.078748,1.62528,0.0136461,1.63893
4.17365,53,0.078748,1.63708,0.0118591,1.64894
4.25239,54,0.078748,1.64665,0.00998923,1.65664
4.33114,55,0.078748,1.65396,0.00845933,1.66242
4.40989,56,0.078748,1.65899,0.00771661,1.6667
4.48864,57,0.078748,1.66171,0.00753591,1.66925
4.56739,58,0.078748,1.66213,0.00754348,1.66968
4.64613,59,0.078748,1.66025,0.00833969,1.66858
4.72488,60,0.078748,1.65605,0.00959935,1.66565
4.80363,61,0.078748,1.64957,0.0107814,1.66035
4.88238,62,0.078748,1.64082,0.0126181,1.65344
4.96113,63,0.078748,1.62983,0.0152323,1.64506
5.03988,64,0.078748,1.61663,0.0182133,1.63484
5.11862,65,0.078748,1.60126,0.0205597,1.62182
5.19737,66,0.078748,1.59093,0.0220874,1.61302
5.27612,67,0.078748,1.58844,0.0222044,1.61065
5.35487,68,0.078748,1.59438,0.0208395,1.61522
5.43362,69,0.078748,1.59905,0.0201184,1.61917
5.51236,70,0.078748,1.60162,0.0201498,1.62177
5.59111,71,0.078748,1.60207,0.0201654,1.62223
5.66986,72,0.078748,1.60039,0.0206399,1.62103
5.74861,73,0.078748,1.59661,0.0215703,1.61818
5.82736,74,0.078748,1.59071,0.0227493,1.61346
5.9061,75,0.078748,1.58274,0.0238451,1.60658
5.98485,76,0.078748,1.5767,0.0245618,1.60126
6.0636,77,0.078748,1.57788,0.0236986,1.60157
6.14235,78,0.078748,1.59024,0.0210129,1.61126
6.2211,79,0.078748,1.60525,0.0184205,1.62367
6.29984,80,0.078748,1.61881,0.0162014,1.63501
6.37859,81,0.078748,1.6302,0.0139021,1.6441
6.45734,82,0.078748,1.63938,0.0121201,1.6515
6.53609,83,0.078748,1.64633,0.0111076,1.65744
6.61484,84,0.078748,1.65103,0.010386,1.66141
6.69358,85,0.078748,1.65345,0.0100958,1.66355
6.77233,86,0.078748,1.6536,0.00907718,1.66268
6.85108,87,0.078748,1.65252,0.00750986,1.66003
6.92983,88,0.078748,1.64788,0.0110539,1.65893
7.00858,89,0.078748,1.63959,0.0147569,1.65434
7.08732,90,0.078748,1.63067,0.0169751,1.64764
7.16607,91,0.078748,1.61979,0.0189779,1.63877
7.24482,92,0.078748,1.6093,0.0203359,1.62964
7.32357,93,0.078748,1.60361,0.021016,1.62463
7.40232,94,0.078748,1.60438,0.0201578,1.62454
7.48106,95,0.078748,1.60979,0.0188507,1.62864
7.55981,96,0.078748,1.61447,0.0181087,1.63258
7.63856,97,0.078748,1.61699,0.0180015,1.63499
7.71731,98,0.078748,1.61735,0.0179325,1.63528
7.79606,99,0.078748,1.61554,0.0186197,1.63416
7.8748,100,0.078748,1.61156,0.0198463,1.63141
7.95355,101,0.078748,1.60544,0.0209692,1.62641
8.0323,102,0.078748,1.59719,0.0226714,1.61986
8.11105,103,0.078748,1.58684,0.0248935,1.61173
8.1898,104,0.078748,1.57441,0.0273986,1.60181
8.26855,105,0.078748,1.55995,0.029939,1.58989
8.34729,106,0.078748,1.54549,0.0323612,1.57785
8.42604,107,0.078748,1.53537,0.0337756,1.56915
8.50479,108,0.078748,1.53467,0.0329395,1.5676
8.58354,109,0.078748,1.53899,0.0319756,1.57096
8.66229,110,0.078748,1.54434,0.0313108,1.57565
8.74103,111,0.078748,1.54775,0.0305274,1.57828
8.81978,112,0.078748,1.54921,0.0304624,1.57967
8.89853,113,0.078748,1.54871,0.0310523,1.57977
8.97728,114,0.078748,1.54676,0.0306972,1.57745
9.05603,115,0.078748,1.54951,0.0291144,1.57862
9.13477,116,0.078748,1.56043,0.026749,1.58718
9.21352,117,0.078748,1.57925,0.0230705,1.60232
9.29227,118,0.078748,1.59826,0.0194806,1.61774
9.37102,119,0.078748,1.61545,0.0163031,1.63175
9.44977,120,0.078748,1.63048,0.0136272,1.64411
9.52851,121,0.078748,1.6433,0.0110157,1.65432
9.60726,122,0.078748,1.65388,0.00915525,1.66303
9.68601,123,0.078748,1.66218,0.00784089,1.67002
9.76476,124,0.078748,1.66817,0.00658882,1.67476
9.84351,125,0.078748,1.67184,0.00584824,1.67768
9.92225,126,0.078748,1.67317,0.00586667,1.67904
10.001,127,0.078748,1.67216,0.0065071,1.67867
10.0798,128,0.078748,1.66882,0.00723748,1.67606
10.1585,129,0.078748,1.66315,0.00872407,1.67188
10.2372,130,0.078748,1.65518,0.010965,1.66614
10.316,131,0.078748,1.64492,0.0130976,1.65802
10.3947,132,0.078748,1.63241,0.0129828,1.64539
10.4735,133,0.078748,1.61964,0.0160073,1.63564
10.5522,134,0.078748,1.6022,0.0252576,1.62746
10.631,135,0.078748,1.58277,0.0286327,1.6114
10.7097,136,0.078748,1.56952,0.0305408,1.60006
10.7885,137,0.078748,1.56421,0.0315591,1.59576
10.8672,138,0.078748,1.56743,0.0307987,1.59823
10.946,139,0.078748,1.56884,0.0306674,1.59951
11.0247,140,0.078748,1.56823,0.0309286,1.59916
11.1035,141,0.078748,1.56561,0.0313031,1.59692
11.1822,142,0.078748,1.56099,0.0321277,1.59312
11.261,143,0.078748,1.55438,0.0336638,1.58804
11.3397,144,0.078748,1.5458,0.0355272,1.58132
11.4185,145,0.078748,1.53527,0.0369252,1.5722
11.4972,146,0.078748,1.52822,0.0377166,1.56593
11.576,147,0.078748,1.52868,0.037127,1.56581
11.6547,148,0.078748,1.53908,0.0348286,1.57391
11.7335,149,0.078748,1.55074,0.0327313,1.58347
11.8122,150,0.078748,1.56079,0.0311209,1.59191
11.891,151,0.078748,1.56885,0.0291409,1.59799
11.9697,152,0.078748,1.57489,0.0279777,1.60287
12.0485,153,0.078748,1.57894,0.0276286,1.60657
12.1272,154,0.078748,1.58105,0.0274524,1.6085
12.2059,155,0.078748,1.58125,0.0275473,1.60879
12.2847,156,0.078748,1.58157,0.0278598,1.60943
12.3634,157,0.078748,1.58464,0.0272159,1.61186
12.4422,158,0.078748,1.59531,0.0248181,1.62012
12.5209,159,0.078748,1.6111,0.0222784,1.63338
12.5997,160,0.078748,1.62911,0.0182804,1.64739
12.6784,161,0.078748,1.64491,0.0144153,1.65932
12.7572,162,0.078748,1.6584,0.0114721,1.66987
12.8359,163,0.078748,1.66951,0.00947335,1.67898
12.9147,164,0.078748,1.67815,0.00785896,1.686
12.9934,165,0.078748,1.68424,0.00699315,1.69123
13.0722,166,0.078748,1.68773,0.00680364,1.69454
13.1509,167,0.078748,1.68856,0.00744987,1.69601
13.2297,168,0.078748,1.68669,0.00793239,1.69462
13.3084,169,0.078748,1.68231,0.00891444,1.69123
13.3872,170,0.078748,1.67559,0.0106781,1.68627
13.4659,171,0.078748,1.66654,0.0126443,1.67919
13.5447,172,0.078748,1.6552,0.0151371,1.67033
13.6234,173,0.078748,1.64159,0.018353,1.65994
13.7022,174,0.078748,1.62575,0.0217853,1.64754
13.7809,175,0.078748,1.60775,0.0243395,1.63209
13.8597,176,0.078748,1.59604,0.0260602,1.6221
13.9384,177,0.078748,1.59402,0.025952,1.61997
14.0172,178,0.078748,1.60084,0.0163469,1.61718
14.0959,179,0.078748,1.60659,0.016529,1.62312
14.1746,180,0.078748,1.60739,0.0230468,1.63044
14.2534,181,0.078748,1.60777,0.0231949,1.63096
14.3321,182,0.078748,1.60603,0.0236716,1.6297
14.4109,183,0.078748,1.60218,0.0246637,1.62684
14.4896,184,0.078748,1.59666,0.0258489,1.62251
14.5684,185,0.078748,1.59185,0.0251111,1.61697
14.6471,186,0.078748,1.59581,0.0234884,1.61929
14.7259,187,0.078748,1.6077,0.0211024,1.6288
14.8046,188,0.078748,1.62363,0.0178779,1.6415
14.8834,189,0.078748,1.63743,0.0154191,1.65285
14.9621,190,0.078748,1.64902,0.013736,1.66276
15.0409,191,0.078748,1.65837,0.0123054,1.67067
15.1196,192,0.078748,1.66545,0.0109208,1.67637
15.1984,193,0.078748,1.67023,0.0100423,1.68027
15.2771,194,0.078748,1.6727,0.00978714,1.68249
15.3559,195,0.078748,1.67286,0.0096657,1.68252
15.4346,196,0.078748,1.67069,0.0103382,1.68103
15.5134,197,0.078748,1.66622,0.011806,1.67802
15.5921,198,0.078748,1.65945,0.0132232,1.67267
15.6709,199,0.078748,1.6504,0.0150026,1.6654
15.7496,200,0.078748,1.6391,0.0173068,1.65641
15.8284,201,0.078748,1.62745,0.0192944,1.64675
15.9071,202,0.078748,1.62071,0.0194868,1.6402
15.9859,203,0.078748,1.62037,0.0194034,1.63977
16.0646,204,0.078748,1.62417,0.0190557,1.64323
16.1434,205,0.078748,1.62808,0.0180034,1.64609
16.2221,206,0.078748,1.62992,0.017702,1.64762
16.3008,207,0.078748,1.62957,0.0181804,1.64776
16.3796,208,0.078748,1.62704,0.0187908,1.64583
16.4583,209,0.078748,1.62234,0.0199664,1.6423
16.5371,210,0.078748,1.61547,0.0219054,1.63737
16.6158,211,0.078748,1.60646,0.0242247,1.63068
16.6946,212,0.078748,1.59534,0.026009,1.62135
16.7733,213,0.078748,1.58342,0.0275548,1.61098
16.8521,214,0.078748,1.57672,0.028125,1.60484
16.9308,215,0.078748,1.58102,0.0262047,1.60723
17.0096,216,0.078748,1.59083,0.0243415,1.61517
17.0883,217,0.078748,1.60112,0.0229215,1.62404
17.1671,218,0.078748,1.60932,0.0215411,1.63086
17.2458,219,0.078748,1.61539,0.0205263,1.63592
17.3246,220,0.078748,1.61933,0.0200707,1.6394
17.4033,221,0.078748,1.62111,0.0198957,1.641
17.4821,222,0.078748,1.62073,0.0200297,1.64076
17.5608,223,0.078748,1.61819,0.0183092,1.6365
17.6396,224,0.078748,1.6147,0.0141699,1.62887
17.7183,225,0.078748,1.60831,0.0191935,1.62751
17.7971,226,0.078748,1.60835,0.0208408,1.62919
17.8758,227,0.078748,1.61739,0.0181889,1.63558
17.9546,228,0.078748,1.63192,0.0147386,1.64666
18.0333,229,0.078748,1.64395,0.012007,1.65596
18.1121,230,0.078748,1.65348,0.0101851,1.66367
18.1908,231,0.078748,1.66049,0.00897869,1.66947
18.2695,232,0.078748,1.66498,0.00810425,1.67309
18.3483,233,0.078748,1.66698,0.00774755,1.67472
18.427,234,0.078748,1.66649,0.00829414,1.67478
18.5058,235,0.078748,1.66356,0.00899382,1.67255
18.5845,236,0.078748,1.65821,0.0104769,1.66869
18.6633,237,0.078748,1.65051,0.0128313,1.66335
18.742,238,0.078748,1.64052,0.0156692,1.65618
18.8208,239,0.078748,1.62828,0.0185786,1.64686
18.8995,240,0.078748,1.61397,0.020937,1.63491
18.9783,241,0.078748,1.59793,0.0238477,1.62177
19.057,242,0.078748,1.58015,0.0265298,1.60668
19.1358,243,0.078748,1.56066,0.0298201,1.59048
19.2145,244,0.078748,1.54008,0.0335218,1.5736
19.2933,245,0.078748,1.52032,0.0355864,1.55591
19.372,246,0.078748,1.50914,0.03659,1.54573
19.4508,247,0.078748,1.50493,0.0371661,1.5421
19.5295,248,0.078748,1.50502,0.0367116,1.54173
19.6083,249,0.078748,1.50338,0.0367097,1.54009
19.687,250,0.078748,1.49996,0.0373683,1.53733
19.7658,251,0.078748,1.49542,0.0378022,1.53322
19.8445,252,0.078748,1.49343,0.0369207,1.53035
19.9233,253,0.078748,1.49949,0.0353849,1.53488
20.002,254,0.078748,1.51347,0.0325562,1.54603
20.0808,255,0.078748,1.52981,0.0294648,1.55928
20.1595,256,0.078748,1.54483,0.0270172,1.57184
20.2382,257,0.078748,1.55785,0.0248618,1.58271
20.317,258,0.078748,1.56884,0.0225288,1.59136
20.3957,259,0.078748,1.57776,0.0208702,1.59863
20.4745,260,0.078748,1.58458,0.0199501,1.60453
20.5532,261,0.078748,1.58929,0.0189893,1.60828
20.632,262,0.078748,1.59188,0.0187022,1.61058
20.7107,263,0.078748,1.59232,0.0191644,1.61148
20.7895,264,0.078748,1.59062,0.0198649,1.61049
20.8682,265,0.078748,1.58679,0.0209716,1.60776
20.947,266,0.078748,1.58083,0.0223612,1.6032
21.0257,267,0.078748,1.57451,0.0235407,1.59805
21.1045,268,0.078748,1.57208,0.0227235,1.5948
21.1832,269,0.078748,1.57692,0.0188615,1.59578
21.262,270,0.078748,1.58813,0.0126042,1.60074
21.3407,271,0.078748,1.59915,0.0128117,1.61196
21.4195,272,0.078748,1.60666,0.0131729,1.61984
21.4982,273,0.078748,1.61337,0.0124548,1.62582
21.577,274,0.078748,1.61787,0.0116823,1.62955
21.6557,275,0.078748,1.62015,0.011282,1.63143
21.7345,276,0.078748,1.62021,0.0116433,1.63185
21.8132,277,0.078748,1.61805,0.012493,1.63054
